		Best Case 
Array : 
55	60	61	66	70	79	83	89	91	99	
Array : 
74	78	78	85	93	93	94	102	110	114	117	126	132	141	145	148	148	153	157	164	
Array : 
57	66	68	68	74	82	91	91	97	101	102	103	103	104	104	112	114	116	124	124	130	131	133	138	140	146	154	157	160	162	
Array : 
82	84	87	93	96	105	111	115	115	117	117	120	125	125	129	135	135	143	151	160	169	175	177	178	179	184	193	202	202	207	210	212	219	225	233	233	239	243	248	256	
Array : 
8	13	14	18	26	33	33	41	47	47	56	63	69	71	71	71	80	81	82	91	97	102	105	109	110	113	119	128	137	140	147	154	155	155	156	165	173	176	185	191	194	195	200	202	207	212	214	218	224	227	
Array : 
75	80	80	80	89	91	94	101	104	106	107	108	117	119	122	125	128	129	135	139	148	148	153	157	161	161	162	168	172	180	181	182	187	189	190	194	200	204	207	208	216	220	224	232	238	246	247	248	249	256	262	263	272	273	280	283	285	294	295	303	
Array : 
39	44	46	50	57	60	60	65	65	68	74	82	90	93	101	107	108	109	117	119	120	126	131	133	140	143	149	150	152	161	163	164	168	172	177	180	189	196	196	205	205	214	214	214	216	216	225	228	232	239	246	253	258	261	270	272	278	285	291	299	306	314	315	316	318	326	333	334	339	346	
Array : 
33	40	46	51	59	67	72	79	80	81	87	96	104	105	107	115	120	120	127	128	128	132	141	142	150	151	152	157	162	168	170	170	173	174	179	180	189	191	191	192	196	202	204	206	215	221	223	228	236	238	244	252	258	264	265	271	280	282	285	289	297	303	307	310	317	318	325	333	337	344	345	345	351	354	358	363	364	371	371	380	
Array : 
29	36	45	52	57	57	63	67	69	78	79	79	86	93	97	103	112	113	118	121	121	127	130	136	138	145	147	152	158	162	169	176	177	183	190	198	205	208	211	220	222	226	228	230	231	239	247	249	250	253	258	259	261	261	269	275	275	277	278	284	290	298	304	304	309	312	320	324	330	333	336	336	345	352	354	357	362	365	370	376	384	385	385	385	388	388	394	397	399	399	
Array : 
50	50	50	56	58	63	64	67	68	77	83	90	91	97	101	107	116	116	125	129	137	144	151	151	159	160	160	166	170	174	182	188	193	202	206	215	221	226	228	236	242	251	256	264	271	280	284	292	293	296	298	300	302	304	306	308	311	314	323	330	337	344	350	354	362	362	366	371	377	383	386	390	397	397	399	403	412	420	422	425	428	435	440	446	455	462	470	474	476	485	488	490	499	508	514	521	521	523	527	535	
		Average Case 
Array : 
1	7	2	8	9	7	5	1	5	9	
Array : 
4	9	8	1	5	7	0	5	3	3	5	7	5	6	6	3	3	8	6	8	
Array : 
6	7	7	1	7	7	8	4	8	3	4	4	4	2	5	1	2	5	7	5	0	4	4	7	0	1	1	3	9	9	
Array : 
3	8	8	1	9	5	0	7	0	0	2	6	4	7	0	9	8	4	6	7	2	7	1	6	4	3	9	7	9	9	8	2	9	6	5	8	4	5	7	6	
Array : 
7	9	2	1	8	4	0	9	9	9	6	1	6	0	7	2	3	7	2	2	8	0	5	9	7	2	7	1	0	4	9	7	5	3	9	4	7	1	3	6	0	1	7	8	1	7	1	5	6	3	
Array : 
7	6	3	4	5	2	9	2	5	9	8	4	6	5	7	7	9	7	9	4	3	9	6	3	8	7	2	1	4	8	6	4	4	1	8	9	4	7	3	9	8	3	6	5	8	5	2	0	2	3	4	6	3	0	1	3	0	3	6	4	
Array : 
3	2	8	9	3	9	0	9	8	3	1	9	8	7	4	6	2	8	6	5	2	3	3	7	5	6	2	5	1	0	2	4	2	2	3	7	3	3	9	4	8	0	3	8	7	9	6	1	7	5	6	1	8	1	0	3	7	2	1	8	2	3	4	6	7	9	6	1	4	5	
Array : 
7	2	5	0	2	4	9	9	5	8	4	4	0	4	5	0	7	5	5	0	5	9	5	0	8	3	9	4	6	4	1	3	8	8	3	1	2	4	2	9	2	6	3	2	2	9	5	9	6	0	2	1	9	7	1	9	0	3	3	6	7	6	1	7	4	6	0	8	0	2	8	3	0	1	7	2	2	2	4	8	
Array : 
4	6	2	6	3	3	5	6	8	1	4	7	7	6	5	4	2	5	4	3	0	2	8	2	6	5	5	0	8	1	1	4	7	3	0	2	8	6	8	7	7	3	4	6	1	1	0	3	9	5	8	1	9	6	3	7	2	0	8	2	1	1	6	0	4	7	3	2	3	3	1	2	6	8	8	7	9	1	3	0	8	1	1	7	8	5	7	0	7	5	
Array : 
4	9	6	0	9	2	7	4	6	2	8	8	4	6	6	5	6	7	8	9	0	6	2	1	5	0	8	2	2	6	9	6	7	5	7	8	7	6	3	6	9	3	4	5	9	2	2	5	1	0	6	1	8	9	5	4	1	3	8	4	1	8	2	8	3	1	7	3	8	2	9	9	5	5	4	6	9	9	4	0	1	0	4	0	1	9	6	3	4	4	9	8	2	1	8	8	3	5	3	1	
		Worst Case 
Array : 
145	140	133	125	124	116	107	103	101	97	
Array : 
154	145	139	132	126	126	124	116	114	113	110	108	106	97	92	83	82	76	69	60	
Array : 
193	188	185	182	175	169	164	160	159	152	150	150	149	141	135	133	132	125	116	112	112	104	100	97	96	92	90	88	85	80	
Array : 
217	211	206	206	199	194	189	187	180	174	174	173	171	168	163	154	148	141	137	128	122	117	110	105	101	95	88	79	76	67	67	60	51	42	39	35	27	20	18	14	
Array : 
290	286	284	284	283	276	272	267	258	256	251	243	241	234	228	219	214	205	204	202	201	197	194	192	183	181	178	177	172	171	167	159	158	155	151	145	137	135	127	119	111	105	103	103	94	89	83	80	72	67	
Array : 
323	322	318	312	312	307	305	296	294	287	282	280	279	276	267	264	259	255	249	244	236	229	220	216	216	208	204	195	190	182	181	175	166	159	157	149	146	141	139	131	125	125	123	118	110	107	100	92	86	80	75	72	67	66	58	57	57	53	48	39	
Array : 
383	379	379	378	373	373	367	360	351	344	338	331	331	328	321	318	313	308	299	295	288	282	275	269	269	269	261	261	255	252	246	239	232	224	219	211	211	203	202	202	197	194	186	182	176	176	174	165	157	154	147	138	133	128	120	120	117	115	113	104	98	93	84	75	69	64	57	49	48	42	
Array : 
357	351	350	348	345	345	336	334	331	327	327	323	323	317	314	313	306	300	300	291	284	279	279	272	270	264	256	256	256	256	249	248	246	245	245	244	237	232	223	217	214	210	201	194	188	181	181	173	165	162	154	154	151	149	142	133	129	122	119	112	106	102	102	93	89	84	82	74	74	69	62	58	52	43	36	28	19	14	14	8	
Array : 
449	444	443	437	433	424	417	408	405	396	394	392	384	381	380	379	372	364	359	355	350	349	344	338	331	330	328	321	319	312	303	301	300	300	293	291	286	278	271	270	262	256	247	240	234	232	228	225	224	220	212	205	203	201	200	200	193	188	181	181	175	168	165	157	153	144	141	137	130	129	120	119	111	106	105	103	94	94	91	88	79	75	71	69	66	60	60	53	45	45	
Array : 
513	511	502	496	494	488	486	479	476	474	472	463	457	455	455	450	445	444	440	434	428	424	418	415	413	410	408	406	405	399	394	388	379	379	375	372	369	361	358	356	353	353	345	344	340	331	331	322	318	310	310	309	307	306	297	289	287	282	275	271	264	260	258	254	247	243	236	228	224	221	217	215	212	205	204	199	196	196	190	189	183	176	167	163	154	150	149	142	136	134	134	132	127	119	114	107	98	94	90	90	
